           1           1 -0.43750000000000000     
           1           2 -0.28125000000000000     
           1           3  -1.0312500000000000     
           1           5 -0.18750000000000000     
           1           6 -0.28125000000000000     
           1           7  -1.0312500000000000     
           1          17 -0.12500000000000000     
           1          65 -0.15625000000000000     
           2           1 -0.12500000000000000     
           2           2  -1.1875000000000000     
           2           3  -1.0625000000000000     
           2           6 -0.28125000000000000     
           2          17 -0.12500000000000000     
           2          18 -0.62500000000000000     
           2          19  -1.0625000000000000     
           2          66 -0.34375000000000000     
           3           1 -0.15625000000000000     
           3           2 -0.34375000000000000     
           3           3  -4.1875000000000000     
           3           7  -1.0312500000000000     
           3          19  -1.0625000000000000     
           3          65 -0.15625000000000000     
           3          66 -0.34375000000000000     
           3          67  -2.1875000000000000     
           5           1  0.18750000000000000     
           5           5 -0.78125000000000000     
           5           6 -0.40625000000000000     
           5           7  -1.1562500000000000     
           5           9 -0.43750000000000000     
           5          10 -0.40625000000000000     
           5          11  -1.1562500000000000     
           5          21 -0.25000000000000000     
           5          69 -0.28125000000000000     
           6           1  0.12500000000000000     
           6           2  0.28125000000000000     
           6           5 -0.25000000000000000     
           6           6  -1.2812500000000000     
           6           7  -1.1875000000000000     
           6          10 -0.40625000000000000     
           6          17  0.12500000000000000     
           6          21 -0.25000000000000000     
           6          22 -0.87500000000000000     
           6          23  -1.1875000000000000     
           6          70 -0.46875000000000000     
           7           1  0.15625000000000000     
           7           3   1.0312500000000000     
           7           5 -0.28125000000000000     
           7           6 -0.46875000000000000     
           7           7  -3.5312500000000000     
           7          11  -1.1562500000000000     
           7          23  -1.1875000000000000     
           7          65  0.15625000000000000     
           7          69 -0.28125000000000000     
           7          70 -0.46875000000000000     
           7          71  -2.4375000000000000     
           9           5  0.43750000000000000     
           9           9 -0.62500000000000000     
           9          10 -0.53125000000000000     
           9          11  -1.2812500000000000     
           9          14 -0.53125000000000000     
           9          15  -1.2812500000000000     
           9          25 -0.37500000000000000     
           9          73 -0.40625000000000000     
          10           5  0.25000000000000000     
          10           6  0.40625000000000000     
          10           9 -0.37500000000000000     
          10          10  -1.5312500000000000     
          10          11  -1.3125000000000000     
          10          14 -0.53125000000000000     
          10          21  0.25000000000000000     
          10          25 -0.37500000000000000     
          10          26  -1.1250000000000000     
          10          27  -1.3125000000000000     
          10          74 -0.59375000000000000     
          11           5  0.28125000000000000     
          11           7   1.1562500000000000     
          11           9 -0.40625000000000000     
          11          10 -0.59375000000000000     
          11          11  -3.7812500000000000     
          11          15  -1.2812500000000000     
          11          27  -1.3125000000000000     
          11          69  0.28125000000000000     
          11          73 -0.40625000000000000     
          11          74 -0.59375000000000000     
          11          75  -2.6875000000000000     
          14           9  0.37500000000000000     
          14          10  0.53125000000000000     
          14          14  -1.1250000000000000     
          14          15  -1.4375000000000000     
          14          25  0.37500000000000000     
          14          30  -1.3750000000000000     
          14          31  -1.4375000000000000     
          14          78 -0.71875000000000000     
          15           9  0.40625000000000000     
          15          11   1.2812500000000000     
          15          14 -0.71875000000000000     
          15          15  -2.6250000000000000     
          15          31  -1.4375000000000000     
          15          73  0.40625000000000000     
          15          78 -0.71875000000000000     
          15          79  -2.9375000000000000     
          17           1  0.12500000000000000     
          17           2  0.28125000000000000     
          17           6  0.28125000000000000     
          17          17  -1.8125000000000000     
          17          18 -0.78125000000000000     
          17          19  -1.5312500000000000     
          17          21  -1.1875000000000000     
          17          22 -0.78125000000000000     
          17          23  -1.5312500000000000     
          17          33 -0.62500000000000000     
          17          81 -0.65625000000000000     
          18           2  0.62500000000000000     
          18          17 -0.62500000000000000     
          18          18  -2.6250000000000000     
          18          19  -1.5625000000000000     
          18          22 -0.78125000000000000     
          18          33 -0.62500000000000000     
          18          34  -1.6250000000000000     
          18          35  -1.5625000000000000     
          18          82 -0.84375000000000000     
          19           2  0.34375000000000000     
          19           3   1.0625000000000000     
          19          17 -0.65625000000000000     
          19          18 -0.84375000000000000     
          19          19  -4.6250000000000000     
          19          23  -1.5312500000000000     
          19          35  -1.5625000000000000     
          19          66  0.34375000000000000     
          19          81 -0.65625000000000000     
          19          82 -0.84375000000000000     
          19          83  -3.1875000000000000     
          21           5  0.25000000000000000     
          21           6  0.40625000000000000     
          21          10  0.40625000000000000     
          21          17   1.1875000000000000     
          21          21  -1.5312500000000000     
          21          22 -0.90625000000000000     
          21          23  -1.6562500000000000     
          21          25  -1.4375000000000000     
          21          26 -0.90625000000000000     
          21          27  -1.6562500000000000     
          21          37 -0.75000000000000000     
          21          85 -0.78125000000000000     
          22           6  0.87500000000000000     
          22          17  0.62500000000000000     
          22          18  0.78125000000000000     
          22          21 -0.75000000000000000     
          22          22  -2.0937500000000000     
          22          23  -1.6875000000000000     
          22          26 -0.90625000000000000     
          22          33  0.62500000000000000     
          22          37 -0.75000000000000000     
          22          38  -1.8750000000000000     
          22          39  -1.6875000000000000     
          22          86 -0.96875000000000000     
          23           6  0.46875000000000000     
          23           7   1.1875000000000000     
          23          17  0.65625000000000000     
          23          19   1.5312500000000000     
          23          21 -0.78125000000000000     
          23          22 -0.96875000000000000     
          23          23  -3.3437500000000000     
          23          27  -1.6562500000000000     
          23          39  -1.6875000000000000     
          23          70  0.46875000000000000     
          23          81  0.65625000000000000     
          23          85 -0.78125000000000000     
          23          86 -0.96875000000000000     
          23          87  -3.4375000000000000     
          25           9  0.37500000000000000     
          25          10  0.53125000000000000     
          25          14  0.53125000000000000     
          25          21   1.4375000000000000     
          25          25 -0.75000000000000000     
          25          26  -1.0312500000000000     
          25          27  -1.7812500000000000     
          25          30  -1.0312500000000000     
          25          31  -1.7812500000000000     
          25          41 -0.87500000000000000     
          25          89 -0.90625000000000000     
          26          10   1.1250000000000000     
          26          21  0.75000000000000000     
          26          22  0.90625000000000000     
          26          25 -0.87500000000000000     
          26          26  -2.2187500000000000     
          26          27  -1.8125000000000000     
          26          30  -1.0312500000000000     
          26          37  0.75000000000000000     
          26          41 -0.87500000000000000     
          26          42  -2.1250000000000000     
          26          43  -1.8125000000000000     
          26          90  -1.0937500000000000     
          27          10  0.59375000000000000     
          27          11   1.3125000000000000     
          27          21  0.78125000000000000     
          27          23   1.6562500000000000     
          27          25 -0.90625000000000000     
          27          26  -1.0937500000000000     
          27          27  -3.4687500000000000     
          27          31  -1.7812500000000000     
          27          43  -1.8125000000000000     
          27          74  0.59375000000000000     
          27          85  0.78125000000000000     
          27          89 -0.90625000000000000     
          27          90  -1.0937500000000000     
          27          91  -3.6875000000000000     
          30          14   1.3750000000000000     
          30          25  0.87500000000000000     
          30          26   1.0312500000000000     
          30          30  -1.1875000000000000     
          30          31  -1.9375000000000000     
          30          41  0.87500000000000000     
          30          46  -2.3750000000000000     
          30          47  -1.9375000000000000     
          30          94  -1.2187500000000000     
          31          14  0.71875000000000000     
          31          15   1.4375000000000000     
          31          25  0.90625000000000000     
          31          27   1.7812500000000000     
          31          30  -1.2187500000000000     
          31          31  -1.6875000000000000     
          31          47  -1.9375000000000000     
          31          78  0.71875000000000000     
          31          89  0.90625000000000000     
          31          94  -1.2187500000000000     
          31          95  -3.9375000000000000     
          33          17  0.62500000000000000     
          33          18  0.78125000000000000     
          33          22  0.78125000000000000     
          33          33  -2.8125000000000000     
          33          34  -1.2812500000000000     
          33          35  -2.0312500000000000     
          33          37  -2.1875000000000000     
          33          38  -1.2812500000000000     
          33          39  -2.0312500000000000     
          33          49  -1.1250000000000000     
          33          97  -1.1562500000000000     
          34          18   1.6250000000000000     
          34          33  -1.1250000000000000     
          34          34  -2.0625000000000000     
          34          35  -2.0625000000000000     
          34          38  -1.2812500000000000     
          34          49  -1.1250000000000000     
          34          51  -2.0625000000000000     
          34          98  -1.3437500000000000     
          35          18  0.84375000000000000     
          35          19   1.5625000000000000     
          35          33  -1.1562500000000000     
          35          34  -1.3437500000000000     
          35          35  -5.6250000000000000     
          35          39  -2.0312500000000000     
          35          51  -2.0625000000000000     
          35          82  0.84375000000000000     
          35          97  -1.1562500000000000     
          35          98  -1.3437500000000000     
          35          99  -4.1875000000000000     
          37          21  0.75000000000000000     
          37          22  0.90625000000000000     
          37          26  0.90625000000000000     
          37          33   2.1875000000000000     
          37          37  -2.0312500000000000     
          37          38  -1.4062500000000000     
          37          39  -2.1562500000000000     
          37          41  -2.4375000000000000     
          37          42  -1.4062500000000000     
          37          43  -2.1562500000000000     
          37          53  -1.2500000000000000     
          37         101  -1.2812500000000000     
          38          22   1.8750000000000000     
          38          33   1.1250000000000000     
          38          34   1.2812500000000000     
          38          37  -1.2500000000000000     
          38          38 -0.90625000000000000     
          38          39  -2.1875000000000000     
          38          42  -1.4062500000000000     
          38          49   1.1250000000000000     
          38          53  -1.2500000000000000     
          38          55  -2.1875000000000000     
          38         102  -1.4687500000000000     
          39          22  0.96875000000000000     
          39          23   1.6875000000000000     
          39          33   1.1562500000000000     
          39          35   2.0312500000000000     
          39          37  -1.2812500000000000     
          39          38  -1.4687500000000000     
          39          39  -3.8437500000000000     
          39          43  -2.1562500000000000     
          39          55  -2.1875000000000000     
          39          86  0.96875000000000000     
          39          97   1.1562500000000000     
          39         101  -1.2812500000000000     
          39         102  -1.4687500000000000     
          39         103  -4.4375000000000000     
          41          25  0.87500000000000000     
          41          26   1.0312500000000000     
          41          30   1.0312500000000000     
          41          37   2.4375000000000000     
          41          41 -0.75000000000000000     
          41          42  -1.5312500000000000     
          41          43  -2.2812500000000000     
          41          46  -1.5312500000000000     
          41          47  -2.2812500000000000     
          41          57  -1.3750000000000000     
          41         105  -1.4062500000000000     
          42          26   2.1250000000000000     
          42          37   1.2500000000000000     
          42          38   1.4062500000000000     
          42          41  -1.3750000000000000     
          42          42 -0.90625000000000000     
          42          43  -2.3125000000000000     
          42          46  -1.5312500000000000     
          42          53   1.2500000000000000     
          42          57  -1.3750000000000000     
          42          59  -2.3125000000000000     
          42         106  -1.5937500000000000     
          43          26   1.0937500000000000     
          43          27   1.8125000000000000     
          43          37   1.2812500000000000     
          43          39   2.1562500000000000     
          43          41  -1.4062500000000000     
          43          42  -1.5937500000000000     
          43          43  -3.9687500000000000     
          43          47  -2.2812500000000000     
          43          59  -2.3125000000000000     
          43          90   1.0937500000000000     
          43         101   1.2812500000000000     
          43         105  -1.4062500000000000     
          43         106  -1.5937500000000000     
          43         107  -4.6875000000000000     
          46          30   2.3750000000000000     
          46          41   1.3750000000000000     
          46          42   1.5312500000000000     
          46          46  0.75000000000000000     
          46          47  -2.4375000000000000     
          46          57   1.3750000000000000     
          46          63  -2.4375000000000000     
          46         110  -1.7187500000000000     
          47          30   1.2187500000000000     
          47          31   1.9375000000000000     
          47          41   1.4062500000000000     
          47          43   2.2812500000000000     
          47          46  -1.7187500000000000     
          47          47  -1.6875000000000000     
          47          63  -2.4375000000000000     
          47          94   1.2187500000000000     
          47         105   1.4062500000000000     
          47         110  -1.7187500000000000     
          47         111  -4.9375000000000000     
          49          33   1.1250000000000000     
          49          34   1.2812500000000000     
          49          38   1.2812500000000000     
          49          49  -2.1875000000000000     
          49          51  -2.5312500000000000     
          49          53  -3.1875000000000000     
          49          55  -2.5312500000000000     
          49         113  -1.6562500000000000     
          51          34   1.3437500000000000     
          51          35   2.0625000000000000     
          51          49  -1.6562500000000000     
          51          51  -4.0625000000000000     
          51          55  -2.5312500000000000     
          51          98   1.3437500000000000     
          51         113  -1.6562500000000000     
          51         115  -5.1875000000000000     
          53          37   1.2500000000000000     
          53          38   1.4062500000000000     
          53          42   1.4062500000000000     
          53          49   3.1875000000000000     
          53          53 -0.78125000000000000     
          53          55  -2.6562500000000000     
          53          57  -3.4375000000000000     
          53          59  -2.6562500000000000     
          53         117  -1.7812500000000000     
          55          38   1.4687500000000000     
          55          39   2.1875000000000000     
          55          49   1.6562500000000000     
          55          51   2.5312500000000000     
          55          53  -1.7812500000000000     
          55          55  -1.6562500000000000     
          55          59  -2.6562500000000000     
          55         102   1.4687500000000000     
          55         113   1.6562500000000000     
          55         117  -1.7812500000000000     
          55         119  -5.4375000000000000     
          57          41   1.3750000000000000     
          57          42   1.5312500000000000     
          57          46   1.5312500000000000     
          57          53   3.4375000000000000     
          57          57   1.1250000000000000     
          57          59  -2.7812500000000000     
          57          63  -2.7812500000000000     
          57         121  -1.9062500000000000     
          59          42   1.5937500000000000     
          59          43   2.3125000000000000     
          59          53   1.7812500000000000     
          59          55   2.6562500000000000     
          59          57  -1.9062500000000000     
          59          59  -1.6562500000000000     
          59          63  -2.7812500000000000     
          59         106   1.5937500000000000     
          59         117   1.7812500000000000     
          59         121  -1.9062500000000000     
          59         123  -5.6875000000000000     
          63          46   1.7187500000000000     
          63          47   2.4375000000000000     
          63          57   1.9062500000000000     
          63          59   2.7812500000000000     
          63          63   1.2500000000000000     
          63         110   1.7187500000000000     
          63         121   1.9062500000000000     
          63         127  -5.9375000000000000     
          65           1  0.15625000000000000     
          65           3   1.0312500000000000     
          65           7   1.0312500000000000     
          65          65  -6.2812500000000000     
          65          66  -2.2812500000000000     
          65          67  -3.0312500000000000     
          65          69  -4.1875000000000000     
          65          70  -2.2812500000000000     
          65          71  -3.0312500000000000     
          65          81  -2.1250000000000000     
          65         129  -2.1562500000000000     
          66           2  0.34375000000000000     
          66           3   1.0625000000000000     
          66          19   1.0625000000000000     
          66          65  -2.1250000000000000     
          66          66  -6.8437500000000000     
          66          67  -3.0625000000000000     
          66          70  -2.2812500000000000     
          66          81  -2.1250000000000000     
          66          82  -4.6250000000000000     
          66          83  -3.0625000000000000     
          66         130  -2.3437500000000000     
          67           3   2.1875000000000000     
          67          65  -2.1562500000000000     
          67          66  -2.3437500000000000     
          67          67  -10.093750000000000     
          67          71  -3.0312500000000000     
          67          83  -3.0625000000000000     
          67         129  -2.1562500000000000     
          67         130  -2.3437500000000000     
          67         131  -6.1875000000000000     
          69           5  0.28125000000000000     
          69           7   1.1562500000000000     
          69          11   1.1562500000000000     
          69          65   4.1875000000000000     
          69          69  -4.5000000000000000     
          69          70  -2.4062500000000000     
          69          71  -3.1562500000000000     
          69          73  -4.4375000000000000     
          69          74  -2.4062500000000000     
          69          75  -3.1562500000000000     
          69          85  -2.2500000000000000     
          69         133  -2.2812500000000000     
          70           6  0.46875000000000000     
          70           7   1.1875000000000000     
          70          23   1.1875000000000000     
          70          65   2.1250000000000000     
          70          66   2.2812500000000000     
          70          69  -2.2500000000000000     
          70          70  -4.8125000000000000     
          70          71  -3.1875000000000000     
          70          74  -2.4062500000000000     
          70          81   2.1250000000000000     
          70          85  -2.2500000000000000     
          70          86  -4.8750000000000000     
          70          87  -3.1875000000000000     
          70         134  -2.4687500000000000     
          71           7   2.4375000000000000     
          71          65   2.1562500000000000     
          71          67   3.0312500000000000     
          71          69  -2.2812500000000000     
          71          70  -2.4687500000000000     
          71          71  -7.3125000000000000     
          71          75  -3.1562500000000000     
          71          87  -3.1875000000000000     
          71         129   2.1562500000000000     
          71         133  -2.2812500000000000     
          71         134  -2.4687500000000000     
          71         135  -6.4375000000000000     
          73           9  0.40625000000000000     
          73          11   1.2812500000000000     
          73          15   1.2812500000000000     
          73          69   4.4375000000000000     
          73          73  -2.2187500000000000     
          73          74  -2.5312500000000000     
          73          75  -3.2812500000000000     
          73          78  -2.5312500000000000     
          73          79  -3.2812500000000000     
          73          89  -2.3750000000000000     
          73         137  -2.4062500000000000     
          74          10  0.59375000000000000     
          74          11   1.3125000000000000     
          74          27   1.3125000000000000     
          74          69   2.2500000000000000     
          74          70   2.4062500000000000     
          74          73  -2.3750000000000000     
          74          74  -4.9375000000000000     
          74          75  -3.3125000000000000     
          74          78  -2.5312500000000000     
          74          85   2.2500000000000000     
          74          89  -2.3750000000000000     
          74          90  -5.1250000000000000     
          74          91  -3.3125000000000000     
          74         138  -2.5937500000000000     
          75          11   2.6875000000000000     
          75          69   2.2812500000000000     
          75          71   3.1562500000000000     
          75          73  -2.4062500000000000     
          75          74  -2.5937500000000000     
          75          75  -7.4375000000000000     
          75          79  -3.2812500000000000     
          75          91  -3.3125000000000000     
          75         133   2.2812500000000000     
          75         137  -2.4062500000000000     
          75         138  -2.5937500000000000     
          75         139  -6.6875000000000000     
          78          14  0.71875000000000000     
          78          15   1.4375000000000000     
          78          31   1.4375000000000000     
          78          73   2.3750000000000000     
          78          74   2.5312500000000000     
          78          78  -2.4062500000000000     
          78          79  -3.4375000000000000     
          78          89   2.3750000000000000     
          78          94  -5.3750000000000000     
          78          95  -3.4375000000000000     
          78         142  -2.7187500000000000     
          79          15   2.9375000000000000     
          79          73   2.4062500000000000     
          79          75   3.2812500000000000     
          79          78  -2.7187500000000000     
          79          79  -4.1562500000000000     
          79          95  -3.4375000000000000     
          79         137   2.4062500000000000     
          79         142  -2.7187500000000000     
          79         143  -6.9375000000000000     
          81          17  0.65625000000000000     
          81          19   1.5312500000000000     
          81          23   1.5312500000000000     
          81          65   2.1250000000000000     
          81          66   2.2812500000000000     
          81          70   2.2812500000000000     
          81          81  -5.1562500000000000     
          81          82  -2.7812500000000000     
          81          83  -3.5312500000000000     
          81          85  -5.1875000000000000     
          81          86  -2.7812500000000000     
          81          87  -3.5312500000000000     
          81          97  -2.6250000000000000     
          81         145  -2.6562500000000000     
          82          18  0.84375000000000000     
          82          19   1.5625000000000000     
          82          35   1.5625000000000000     
          82          66   4.6250000000000000     
          82          81  -2.6250000000000000     
          82          82  -5.7812500000000000     
          82          83  -3.5625000000000000     
          82          86  -2.7812500000000000     
          82          97  -2.6250000000000000     
          82          98  -5.6250000000000000     
          82          99  -3.5625000000000000     
          82         146  -2.8437500000000000     
          83          19   3.1875000000000000     
          83          66   2.3437500000000000     
          83          67   3.0625000000000000     
          83          81  -2.6562500000000000     
          83          82  -2.8437500000000000     
          83          83  -8.0312500000000000     
          83          87  -3.5312500000000000     
          83          99  -3.5625000000000000     
          83         130   2.3437500000000000     
          83         145  -2.6562500000000000     
          83         146  -2.8437500000000000     
          83         147  -7.1875000000000000     
          85          21  0.78125000000000000     
          85          23   1.6562500000000000     
          85          27   1.6562500000000000     
          85          69   2.2500000000000000     
          85          70   2.4062500000000000     
          85          74   2.4062500000000000     
          85          81   5.1875000000000000     
          85          85  -2.7500000000000000     
          85          86  -2.9062500000000000     
          85          87  -3.6562500000000000     
          85          89  -5.4375000000000000     
          85          90  -2.9062500000000000     
          85          91  -3.6562500000000000     
          85         101  -2.7500000000000000     
          85         149  -2.7812500000000000     
          86          22  0.96875000000000000     
          86          23   1.6875000000000000     
          86          39   1.6875000000000000     
          86          70   4.8750000000000000     
          86          81   2.6250000000000000     
          86          82   2.7812500000000000     
          86          85  -2.7500000000000000     
          86          86  -3.1250000000000000     
          86          87  -3.6875000000000000     
          86          90  -2.9062500000000000     
          86          97   2.6250000000000000     
          86         101  -2.7500000000000000     
          86         102  -5.8750000000000000     
          86         103  -3.6875000000000000     
          86         150  -2.9687500000000000     
          87          23   3.4375000000000000     
          87          70   2.4687500000000000     
          87          71   3.1875000000000000     
          87          81   2.6562500000000000     
          87          83   3.5312500000000000     
          87          85  -2.7812500000000000     
          87          86  -2.9687500000000000     
          87          87  -4.6250000000000000     
          87          91  -3.6562500000000000     
          87         103  -3.6875000000000000     
          87         134   2.4687500000000000     
          87         145   2.6562500000000000     
          87         149  -2.7812500000000000     
          87         150  -2.9687500000000000     
          87         151  -7.4375000000000000     
          89          25  0.90625000000000000     
          89          27   1.7812500000000000     
          89          31   1.7812500000000000     
          89          73   2.3750000000000000     
          89          74   2.5312500000000000     
          89          78   2.5312500000000000     
          89          85   5.4375000000000000     
          89          89  0.15625000000000000     
          89          90  -3.0312500000000000     
          89          91  -3.7812500000000000     
          89          94  -3.0312500000000000     
          89          95  -3.7812500000000000     
          89         105  -2.8750000000000000     
          89         153  -2.9062500000000000     
          90          26   1.0937500000000000     
          90          27   1.8125000000000000     
          90          43   1.8125000000000000     
          90          74   5.1250000000000000     
          90          85   2.7500000000000000     
          90          86   2.9062500000000000     
          90          89  -2.8750000000000000     
          90          90  -3.1250000000000000     
          90          91  -3.8125000000000000     
          90          94  -3.0312500000000000     
          90         101   2.7500000000000000     
          90         105  -2.8750000000000000     
          90         106  -6.1250000000000000     
          90         107  -3.8125000000000000     
          90         154  -3.0937500000000000     
          91          27   3.6875000000000000     
          91          74   2.5937500000000000     
          91          75   3.3125000000000000     
          91          85   2.7812500000000000     
          91          87   3.6562500000000000     
          91          89  -2.9062500000000000     
          91          90  -3.0937500000000000     
          91          91  -4.6250000000000000     
          91          95  -3.7812500000000000     
          91         107  -3.8125000000000000     
          91         138   2.5937500000000000     
          91         149   2.7812500000000000     
          91         153  -2.9062500000000000     
          91         154  -3.0937500000000000     
          91         155  -7.6875000000000000     
          94          30   1.2187500000000000     
          94          31   1.9375000000000000     
          94          47   1.9375000000000000     
          94          78   5.3750000000000000     
          94          89   2.8750000000000000     
          94          90   3.0312500000000000     
          94          94   3.1250000000000000E-002
          94          95  -3.9375000000000000     
          94         105   2.8750000000000000     
          94         110  -6.3750000000000000     
          94         111  -3.9375000000000000     
          94         158  -3.2187500000000000     
          95          31   3.9375000000000000     
          95          78   2.7187500000000000     
          95          79   3.4375000000000000     
          95          89   2.9062500000000000     
          95          91   3.7812500000000000     
          95          94  -3.2187500000000000     
          95          95 -0.71875000000000000     
          95         111  -3.9375000000000000     
          95         142   2.7187500000000000     
          95         153   2.9062500000000000     
          95         158  -3.2187500000000000     
          95         159  -7.9375000000000000     
          97          33   1.1562500000000000     
          97          35   2.0312500000000000     
          97          39   2.0312500000000000     
          97          81   2.6250000000000000     
          97          82   2.7812500000000000     
          97          86   2.7812500000000000     
          97          97  -5.6562500000000000     
          97          98  -3.2812500000000000     
          97          99  -4.0312500000000000     
          97         101  -6.1875000000000000     
          97         102  -3.2812500000000000     
          97         103  -4.0312500000000000     
          97         113  -3.1250000000000000     
          97         161  -3.1562500000000000     
          98          34   1.3437500000000000     
          98          35   2.0625000000000000     
          98          51   2.0625000000000000     
          98          82   5.6250000000000000     
          98          97  -3.1250000000000000     
          98          98  -2.7187500000000000     
          98          99  -4.0625000000000000     
          98         102  -3.2812500000000000     
          98         113  -3.1250000000000000     
          98         115  -4.0625000000000000     
          98         162  -3.3437500000000000     
          99          35   4.1875000000000000     
          99          82   2.8437500000000000     
          99          83   3.5625000000000000     
          99          97  -3.1562500000000000     
          99          98  -3.3437500000000000     
          99          99  -8.5312500000000000     
          99         103  -4.0312500000000000     
          99         115  -4.0625000000000000     
          99         146   2.8437500000000000     
          99         161  -3.1562500000000000     
          99         162  -3.3437500000000000     
          99         163  -8.1875000000000000     
         101          37   1.2812500000000000     
         101          39   2.1562500000000000     
         101          43   2.1562500000000000     
         101          85   2.7500000000000000     
         101          86   2.9062500000000000     
         101          90   2.9062500000000000     
         101          97   6.1875000000000000     
         101         101  -2.7500000000000000     
         101         102  -3.4062500000000000     
         101         103  -4.1562500000000000     
         101         105  -6.4375000000000000     
         101         106  -3.4062500000000000     
         101         107  -4.1562500000000000     
         101         117  -3.2500000000000000     
         101         165  -3.2812500000000000     
         102          38   1.4687500000000000     
         102          39   2.1875000000000000     
         102          55   2.1875000000000000     
         102          86   5.8750000000000000     
         102          97   3.1250000000000000     
         102          98   3.2812500000000000     
         102         101  -3.2500000000000000     
         102         102  0.56250000000000000     
         102         103  -4.1875000000000000     
         102         106  -3.4062500000000000     
         102         113   3.1250000000000000     
         102         117  -3.2500000000000000     
         102         119  -4.1875000000000000     
         102         166  -3.4687500000000000     
         103          39   4.4375000000000000     
         103          86   2.9687500000000000     
         103          87   3.6875000000000000     
         103          97   3.1562500000000000     
         103          99   4.0312500000000000     
         103         101  -3.2812500000000000     
         103         102  -3.4687500000000000     
         103         103  -4.6250000000000000     
         103         107  -4.1562500000000000     
         103         119  -4.1875000000000000     
         103         150   2.9687500000000000     
         103         161   3.1562500000000000     
         103         165  -3.2812500000000000     
         103         166  -3.4687500000000000     
         103         167  -8.4375000000000000     
         105          41   1.4062500000000000     
         105          43   2.2812500000000000     
         105          47   2.2812500000000000     
         105          89   2.8750000000000000     
         105          90   3.0312500000000000     
         105          94   3.0312500000000000     
         105         101   6.4375000000000000     
         105         105  0.65625000000000000     
         105         106  -3.5312500000000000     
         105         107  -4.2812500000000000     
         105         110  -3.5312500000000000     
         105         111  -4.2812500000000000     
         105         121  -3.3750000000000000     
         105         169  -3.4062500000000000     
         106          42   1.5937500000000000     
         106          43   2.3125000000000000     
         106          59   2.3125000000000000     
         106          90   6.1250000000000000     
         106         101   3.2500000000000000     
         106         102   3.4062500000000000     
         106         105  -3.3750000000000000     
         106         106  0.68750000000000000     
         106         107  -4.3125000000000000     
         106         110  -3.5312500000000000     
         106         117   3.2500000000000000     
         106         121  -3.3750000000000000     
         106         123  -4.3125000000000000     
         106         170  -3.5937500000000000     
         107          43   4.6875000000000000     
         107          90   3.0937500000000000     
         107          91   3.8125000000000000     
         107         101   3.2812500000000000     
         107         103   4.1562500000000000     
         107         105  -3.4062500000000000     
         107         106  -3.5937500000000000     
         107         107  -4.6250000000000000     
         107         111  -4.2812500000000000     
         107         123  -4.3125000000000000     
         107         154   3.0937500000000000     
         107         165   3.2812500000000000     
         107         169  -3.4062500000000000     
         107         170  -3.5937500000000000     
         107         171  -8.6875000000000000     
         110          46   1.7187500000000000     
         110          47   2.4375000000000000     
         110          63   2.4375000000000000     
         110          94   6.3750000000000000     
         110         105   3.3750000000000000     
         110         106   3.5312500000000000     
         110         110   4.4687500000000000     
         110         111  -4.4375000000000000     
         110         121   3.3750000000000000     
         110         127  -4.4375000000000000     
         110         174  -3.7187500000000000     
         111          47   4.9375000000000000     
         111          94   3.2187500000000000     
         111          95   3.9375000000000000     
         111         105   3.4062500000000000     
         111         107   4.2812500000000000     
         111         110  -3.7187500000000000     
         111         111 -0.21875000000000000     
         111         127  -4.4375000000000000     
         111         158   3.2187500000000000     
         111         169   3.4062500000000000     
         111         174  -3.7187500000000000     
         111         175  -8.9375000000000000     
         113          49   1.6562500000000000     
         113          51   2.5312500000000000     
         113          55   2.5312500000000000     
         113          97   3.1250000000000000     
         113          98   3.2812500000000000     
         113         102   3.2812500000000000     
         113         113  -2.5312500000000000     
         113         115  -4.5312500000000000     
         113         117  -7.1875000000000000     
         113         119  -4.5312500000000000     
         113         177  -3.6562500000000000     
         115          51   5.1875000000000000     
         115          98   3.3437500000000000     
         115          99   4.0625000000000000     
         115         113  -3.6562500000000000     
         115         115  -4.4687500000000000     
         115         119  -4.5312500000000000     
         115         162   3.3437500000000000     
         115         177  -3.6562500000000000     
         115         179  -9.1875000000000000     
         117          53   1.7812500000000000     
         117          55   2.6562500000000000     
         117          59   2.6562500000000000     
         117         101   3.2500000000000000     
         117         102   3.4062500000000000     
         117         106   3.4062500000000000     
         117         113   7.1875000000000000     
         117         117   1.0000000000000000     
         117         119  -4.6562500000000000     
         117         121  -7.4375000000000000     
         117         123  -4.6562500000000000     
         117         181  -3.7812500000000000     
         119          55   5.4375000000000000     
         119         102   3.4687500000000000     
         119         103   4.1875000000000000     
         119         113   3.6562500000000000     
         119         115   4.5312500000000000     
         119         117  -3.7812500000000000     
         119         119   6.2500000000000000E-002
         119         123  -4.6562500000000000     
         119         166   3.4687500000000000     
         119         177   3.6562500000000000     
         119         181  -3.7812500000000000     
         119         183  -9.4375000000000000     
         121          57   1.9062500000000000     
         121          59   2.7812500000000000     
         121          63   2.7812500000000000     
         121         105   3.3750000000000000     
         121         106   3.5312500000000000     
         121         110   3.5312500000000000     
         121         117   7.4375000000000000     
         121         121   5.0312500000000000     
         121         123  -4.7812500000000000     
         121         127  -4.7812500000000000     
         121         185  -3.9062500000000000     
         123          59   5.6875000000000000     
         123         106   3.5937500000000000     
         123         107   4.3125000000000000     
         123         117   3.7812500000000000     
         123         119   4.6562500000000000     
         123         121  -3.9062500000000000     
         123         123  0.18750000000000000     
         123         127  -4.7812500000000000     
         123         170   3.5937500000000000     
         123         181   3.7812500000000000     
         123         185  -3.9062500000000000     
         123         187  -9.6875000000000000     
         127          63   5.9375000000000000     
         127         110   3.7187500000000000     
         127         111   4.4375000000000000     
         127         121   3.9062500000000000     
         127         123   4.7812500000000000     
         127         127   5.2187500000000000     
         127         174   3.7187500000000000     
         127         185   3.9062500000000000     
         127         191  -9.9375000000000000     
         129          65   2.1562500000000000     
         129          67   3.0312500000000000     
         129          71   3.0312500000000000     
         129         129  -10.281250000000000     
         129         130  -4.2812500000000000     
         129         131  -5.0312500000000000     
         129         133  -8.1875000000000000     
         129         134  -4.2812500000000000     
         129         135  -5.0312500000000000     
         129         145  -4.1250000000000000     
         129         193  -4.1562500000000000     
         130          66   2.3437500000000000     
         130          67   3.0625000000000000     
         130          83   3.0625000000000000     
         130         129  -4.1250000000000000     
         130         130  -10.843750000000000     
         130         131  -5.0625000000000000     
         130         134  -4.2812500000000000     
         130         145  -4.1250000000000000     
         130         146  -8.6250000000000000     
         130         147  -5.0625000000000000     
         130         194  -4.3437500000000000     
         131          67   6.1875000000000000     
         131         129  -4.1562500000000000     
         131         130  -4.3437500000000000     
         131         131  -8.0000000000000000     
         131         135  -5.0312500000000000     
         131         147  -5.0625000000000000     
         131         193  -4.1562500000000000     
         131         194  -4.3437500000000000     
         133          69   2.2812500000000000     
         133          71   3.1562500000000000     
         133          75   3.1562500000000000     
         133         129   8.1875000000000000     
         133         133  -6.5000000000000000     
         133         134  -4.4062500000000000     
         133         135  -5.1562500000000000     
         133         137  -8.4375000000000000     
         133         138  -4.4062500000000000     
         133         139  -5.1562500000000000     
         133         149  -4.2500000000000000     
         133         197  -4.2812500000000000     
         134          70   2.4687500000000000     
         134          71   3.1875000000000000     
         134          87   3.1875000000000000     
         134         129   4.1250000000000000     
         134         130   4.2812500000000000     
         134         133  -4.2500000000000000     
         134         134  -6.8125000000000000     
         134         135  -5.1875000000000000     
         134         138  -4.4062500000000000     
         134         145   4.1250000000000000     
         134         149  -4.2500000000000000     
         134         150  -8.8750000000000000     
         134         151  -5.1875000000000000     
         134         198  -4.4687500000000000     
         135          71   6.4375000000000000     
         135         129   4.1562500000000000     
         135         131   5.0312500000000000     
         135         133  -4.2812500000000000     
         135         134  -4.4687500000000000     
         135         135  -3.0937500000000000     
         135         139  -5.1562500000000000     
         135         151  -5.1875000000000000     
         135         193   4.1562500000000000     
         135         197  -4.2812500000000000     
         135         198  -4.4687500000000000     
         137          73   2.4062500000000000     
         137          75   3.2812500000000000     
         137          79   3.2812500000000000     
         137         133   8.4375000000000000     
         137         137  -2.2187500000000000     
         137         138  -4.5312500000000000     
         137         139  -5.2812500000000000     
         137         142  -4.5312500000000000     
         137         143  -5.2812500000000000     
         137         153  -4.3750000000000000     
         137         201  -4.4062500000000000     
         138          74   2.5937500000000000     
         138          75   3.3125000000000000     
         138          91   3.3125000000000000     
         138         133   4.2500000000000000     
         138         134   4.4062500000000000     
         138         137  -4.3750000000000000     
         138         138  -6.9375000000000000     
         138         139  -5.3125000000000000     
         138         142  -4.5312500000000000     
         138         149   4.2500000000000000     
         138         153  -4.3750000000000000     
         138         154  -9.1250000000000000     
         138         155  -5.3125000000000000     
         138         202  -4.5937500000000000     
         139          75   6.6875000000000000     
         139         133   4.2812500000000000     
         139         135   5.1562500000000000     
         139         137  -4.4062500000000000     
         139         138  -4.5937500000000000     
         139         139  -3.0937500000000000     
         139         143  -5.2812500000000000     
         139         155  -5.3125000000000000     
         139         197   4.2812500000000000     
         139         201  -4.4062500000000000     
         139         202  -4.5937500000000000     
         142          78   2.7187500000000000     
         142          79   3.4375000000000000     
         142          95   3.4375000000000000     
         142         137   4.3750000000000000     
         142         138   4.5312500000000000     
         142         142  -2.4062500000000000     
         142         143  -5.4375000000000000     
         142         153   4.3750000000000000     
         142         158  -9.3750000000000000     
         142         159  -5.4375000000000000     
         142         206  -4.7187500000000000     
         143          79   6.9375000000000000     
         143         137   4.4062500000000000     
         143         139   5.2812500000000000     
         143         142  -4.7187500000000000     
         143         143   2.3125000000000000     
         143         159  -5.4375000000000000     
         143         201   4.4062500000000000     
         143         206  -4.7187500000000000     
         145          81   2.6562500000000000     
         145          83   3.5312500000000000     
         145          87   3.5312500000000000     
         145         129   4.1250000000000000     
         145         130   4.2812500000000000     
         145         134   4.2812500000000000     
         145         145  -7.1562500000000000     
         145         146  -4.7812500000000000     
         145         147  -5.5312500000000000     
         145         149  -9.1875000000000000     
         145         150  -4.7812500000000000     
         145         151  -5.5312500000000000     
         145         161  -4.6250000000000000     
         145         209  -4.6562500000000000     
         146          82   2.8437500000000000     
         146          83   3.5625000000000000     
         146          99   3.5625000000000000     
         146         130   8.6250000000000000     
         146         145  -4.6250000000000000     
         146         146  -7.7812500000000000     
         146         147  -5.5625000000000000     
         146         150  -4.7812500000000000     
         146         161  -4.6250000000000000     
         146         162  -9.6250000000000000     
         146         163  -5.5625000000000000     
         146         210  -4.8437500000000000     
         147          83   7.1875000000000000     
         147         130   4.3437500000000000     
         147         131   5.0625000000000000     
         147         145  -4.6562500000000000     
         147         146  -4.8437500000000000     
         147         147  -3.4375000000000000     
         147         151  -5.5312500000000000     
         147         163  -5.5625000000000000     
         147         194   4.3437500000000000     
         147         209  -4.6562500000000000     
         147         210  -4.8437500000000000     
         149          85   2.7812500000000000     
         149          87   3.6562500000000000     
         149          91   3.6562500000000000     
         149         133   4.2500000000000000     
         149         134   4.4062500000000000     
         149         138   4.4062500000000000     
         149         145   9.1875000000000000     
         149         149  -2.7500000000000000     
         149         150  -4.9062500000000000     
         149         151  -5.6562500000000000     
         149         153  -9.4375000000000000     
         149         154  -4.9062500000000000     
         149         155  -5.6562500000000000     
         149         165  -4.7500000000000000     
         149         213  -4.7812500000000000     
         150          86   2.9687500000000000     
         150          87   3.6875000000000000     
         150         103   3.6875000000000000     
         150         134   8.8750000000000000     
         150         145   4.6250000000000000     
         150         146   4.7812500000000000     
         150         149  -4.7500000000000000     
         150         150  -3.1250000000000000     
         150         151  -5.6875000000000000     
         150         154  -4.9062500000000000     
         150         161   4.6250000000000000     
         150         165  -4.7500000000000000     
         150         166  -9.8750000000000000     
         150         167  -5.6875000000000000     
         150         214  -4.9687500000000000     
         151          87   7.4375000000000000     
         151         134   4.4687500000000000     
         151         135   5.1875000000000000     
         151         145   4.6562500000000000     
         151         147   5.5312500000000000     
         151         149  -4.7812500000000000     
         151         150  -4.9687500000000000     
         151         151   2.0937500000000000     
         151         155  -5.6562500000000000     
         151         167  -5.6875000000000000     
         151         198   4.4687500000000000     
         151         209   4.6562500000000000     
         151         213  -4.7812500000000000     
         151         214  -4.9687500000000000     
         153          89   2.9062500000000000     
         153          91   3.7812500000000000     
         153          95   3.7812500000000000     
         153         137   4.3750000000000000     
         153         138   4.5312500000000000     
         153         142   4.5312500000000000     
         153         149   9.4375000000000000     
         153         153   2.1562500000000000     
         153         154  -5.0312500000000000     
         153         155  -5.7812500000000000     
         153         158  -5.0312500000000000     
         153         159  -5.7812500000000000     
         153         169  -4.8750000000000000     
         153         217  -4.9062500000000000     
         154          90   3.0937500000000000     
         154          91   3.8125000000000000     
         154         107   3.8125000000000000     
         154         138   9.1250000000000000     
         154         149   4.7500000000000000     
         154         150   4.9062500000000000     
         154         153  -4.8750000000000000     
         154         154  -3.1250000000000000     
         154         155  -5.8125000000000000     
         154         158  -5.0312500000000000     
         154         165   4.7500000000000000     
         154         169  -4.8750000000000000     
         154         170  -10.125000000000000     
         154         171  -5.8125000000000000     
         154         218  -5.0937500000000000     
         155          91   7.6875000000000000     
         155         138   4.5937500000000000     
         155         139   5.3125000000000000     
         155         149   4.7812500000000000     
         155         151   5.6562500000000000     
         155         153  -4.9062500000000000     
         155         154  -5.0937500000000000     
         155         155   2.2187500000000000     
         155         159  -5.7812500000000000     
         155         171  -5.8125000000000000     
         155         202   4.5937500000000000     
         155         213   4.7812500000000000     
         155         217  -4.9062500000000000     
         155         218  -5.0937500000000000     
         158          94   3.2187500000000000     
         158          95   3.9375000000000000     
         158         111   3.9375000000000000     
         158         142   9.3750000000000000     
         158         153   4.8750000000000000     
         158         154   5.0312500000000000     
         158         158   2.0312500000000000     
         158         159  -5.9375000000000000     
         158         169   4.8750000000000000     
         158         174  -10.375000000000000     
         158         175  -5.9375000000000000     
         158         222  -5.2187500000000000     
         159          95   7.9375000000000000     
         159         142   4.7187500000000000     
         159         143   5.4375000000000000     
         159         153   4.9062500000000000     
         159         155   5.7812500000000000     
         159         158  -5.2187500000000000     
         159         159   8.2500000000000000     
         159         175  -5.9375000000000000     
         159         206   4.7187500000000000     
         159         217   4.9062500000000000     
         159         222  -5.2187500000000000     
         161          97   3.1562500000000000     
         161          99   4.0312500000000000     
         161         103   4.0312500000000000     
         161         145   4.6250000000000000     
         161         146   4.7812500000000000     
         161         150   4.7812500000000000     
         161         161  -7.6562500000000000     
         161         162  -5.2812500000000000     
         161         163  -6.0312500000000000     
         161         165  -10.187500000000000     
         161         166  -5.2812500000000000     
         161         167  -6.0312500000000000     
         161         177  -5.1250000000000000     
         161         225  -5.1562500000000000     
         162          98   3.3437500000000000     
         162          99   4.0625000000000000     
         162         115   4.0625000000000000     
         162         146   9.6250000000000000     
         162         161  -5.1250000000000000     
         162         162  -2.7187500000000000     
         162         163  -6.0625000000000000     
         162         166  -5.2812500000000000     
         162         177  -5.1250000000000000     
         162         179  -6.0625000000000000     
         162         226  -5.3437500000000000     
         163          99   8.1875000000000000     
         163         146   4.8437500000000000     
         163         147   5.5625000000000000     
         163         161  -5.1562500000000000     
         163         162  -5.3437500000000000     
         163         163  -3.4375000000000000     
         163         167  -6.0312500000000000     
         163         179  -6.0625000000000000     
         163         210   4.8437500000000000     
         163         225  -5.1562500000000000     
         163         226  -5.3437500000000000     
         165         101   3.2812500000000000     
         165         103   4.1562500000000000     
         165         107   4.1562500000000000     
         165         149   4.7500000000000000     
         165         150   4.9062500000000000     
         165         154   4.9062500000000000     
         165         161   10.187500000000000     
         165         165  -2.7500000000000000     
         165         166  -5.4062500000000000     
         165         167  -6.1562500000000000     
         165         169  -10.437500000000000     
         165         170  -5.4062500000000000     
         165         171  -6.1562500000000000     
         165         181  -5.2500000000000000     
         165         229  -5.2812500000000000     
         166         102   3.4687500000000000     
         166         103   4.1875000000000000     
         166         119   4.1875000000000000     
         166         150   9.8750000000000000     
         166         161   5.1250000000000000     
         166         162   5.2812500000000000     
         166         165  -5.2500000000000000     
         166         166   2.5625000000000000     
         166         167  -6.1875000000000000     
         166         170  -5.4062500000000000     
         166         177   5.1250000000000000     
         166         181  -5.2500000000000000     
         166         183  -6.1875000000000000     
         166         230  -5.4687500000000000     
         167         103   8.4375000000000000     
         167         150   4.9687500000000000     
         167         151   5.6875000000000000     
         167         161   5.1562500000000000     
         167         163   6.0312500000000000     
         167         165  -5.2812500000000000     
         167         166  -5.4687500000000000     
         167         167   2.5937500000000000     
         167         171  -6.1562500000000000     
         167         183  -6.1875000000000000     
         167         214   4.9687500000000000     
         167         225   5.1562500000000000     
         167         229  -5.2812500000000000     
         167         230  -5.4687500000000000     
         169         105   3.4062500000000000     
         169         107   4.2812500000000000     
         169         111   4.2812500000000000     
         169         153   4.8750000000000000     
         169         154   5.0312500000000000     
         169         158   5.0312500000000000     
         169         165   10.437500000000000     
         169         169   2.6562500000000000     
         169         170  -5.5312500000000000     
         169         171  -6.2812500000000000     
         169         174  -5.5312500000000000     
         169         175  -6.2812500000000000     
         169         185  -5.3750000000000000     
         169         233  -5.4062500000000000     
         170         106   3.5937500000000000     
         170         107   4.3125000000000000     
         170         123   4.3125000000000000     
         170         154   10.125000000000000     
         170         165   5.2500000000000000     
         170         166   5.4062500000000000     
         170         169  -5.3750000000000000     
         170         170   2.6875000000000000     
         170         171  -6.3125000000000000     
         170         174  -5.5312500000000000     
         170         181   5.2500000000000000     
         170         185  -5.3750000000000000     
         170         187  -6.3125000000000000     
         170         234  -5.5937500000000000     
         171         107   8.6875000000000000     
         171         154   5.0937500000000000     
         171         155   5.8125000000000000     
         171         165   5.2812500000000000     
         171         167   6.1562500000000000     
         171         169  -5.4062500000000000     
         171         170  -5.5937500000000000     
         171         171   2.7187500000000000     
         171         175  -6.2812500000000000     
         171         187  -6.3125000000000000     
         171         218   5.0937500000000000     
         171         229   5.2812500000000000     
         171         233  -5.4062500000000000     
         171         234  -5.5937500000000000     
         174         110   3.7187500000000000     
         174         111   4.4375000000000000     
         174         127   4.4375000000000000     
         174         158   10.375000000000000     
         174         169   5.3750000000000000     
         174         170   5.5312500000000000     
         174         174   8.4687500000000000     
         174         175  -6.4375000000000000     
         174         185   5.3750000000000000     
         174         191  -6.4375000000000000     
         174         238  -5.7187500000000000     
         175         111   8.9375000000000000     
         175         158   5.2187500000000000     
         175         159   5.9375000000000000     
         175         169   5.4062500000000000     
         175         171   6.2812500000000000     
         175         174  -5.7187500000000000     
         175         175   9.2500000000000000     
         175         191  -6.4375000000000000     
         175         222   5.2187500000000000     
         175         233   5.4062500000000000     
         175         238  -5.7187500000000000     
         177         113   3.6562500000000000     
         177         115   4.5312500000000000     
         177         119   4.5312500000000000     
         177         161   5.1250000000000000     
         177         162   5.2812500000000000     
         177         166   5.2812500000000000     
         177         177  -2.5312500000000000     
         177         179  -6.5312500000000000     
         177         181  -11.187500000000000     
         177         183  -6.5312500000000000     
         177         241  -5.6562500000000000     
         179         115   9.1875000000000000     
         179         162   5.3437500000000000     
         179         163   6.0625000000000000     
         179         177  -5.6562500000000000     
         179         179   3.1250000000000000     
         179         183  -6.5312500000000000     
         179         226   5.3437500000000000     
         179         241  -5.6562500000000000     
         181         117   3.7812500000000000     
         181         119   4.6562500000000000     
         181         123   4.6562500000000000     
         181         165   5.2500000000000000     
         181         166   5.4062500000000000     
         181         170   5.4062500000000000     
         181         177   11.187500000000000     
         181         181   3.0000000000000000     
         181         183  -6.6562500000000000     
         181         185  -11.437500000000000     
         181         187  -6.6562500000000000     
         181         245  -5.7812500000000000     
         183         119   9.4375000000000000     
         183         166   5.4687500000000000     
         183         167   6.1875000000000000     
         183         177   5.6562500000000000     
         183         179   6.5312500000000000     
         183         181  -5.7812500000000000     
         183         183   9.7812500000000000     
         183         187  -6.6562500000000000     
         183         230   5.4687500000000000     
         183         241   5.6562500000000000     
         183         245  -5.7812500000000000     
         185         121   3.9062500000000000     
         185         123   4.7812500000000000     
         185         127   4.7812500000000000     
         185         169   5.3750000000000000     
         185         170   5.5312500000000000     
         185         174   5.5312500000000000     
         185         181   11.437500000000000     
         185         185   9.0312500000000000     
         185         187  -6.7812500000000000     
         185         191  -6.7812500000000000     
         185         249  -5.9062500000000000     
         187         123   9.6875000000000000     
         187         170   5.5937500000000000     
         187         171   6.3125000000000000     
         187         181   5.7812500000000000     
         187         183   6.6562500000000000     
         187         185  -5.9062500000000000     
         187         187   10.031250000000000     
         187         191  -6.7812500000000000     
         187         234   5.5937500000000000     
         187         245   5.7812500000000000     
         187         249  -5.9062500000000000     
         191         127   9.9375000000000000     
         191         174   5.7187500000000000     
         191         175   6.4375000000000000     
         191         185   5.9062500000000000     
         191         187   6.7812500000000000     
         191         191   17.187500000000000     
         191         238   5.7187500000000000     
         191         249   5.9062500000000000     
         193         129   4.1562500000000000     
         193         131   5.0312500000000000     
         193         135   5.0312500000000000     
         193         193  -8.1250000000000000     
         193         194  -6.2812500000000000     
         193         197  -12.187500000000000     
         193         198  -6.2812500000000000     
         193         209  -6.1250000000000000     
         194         130   4.3437500000000000     
         194         131   5.0625000000000000     
         194         147   5.0625000000000000     
         194         193  -6.1250000000000000     
         194         194  -8.5000000000000000     
         194         198  -6.2812500000000000     
         194         209  -6.1250000000000000     
         194         210  -12.625000000000000     
         197         133   4.2812500000000000     
         197         135   5.1562500000000000     
         197         139   5.1562500000000000     
         197         193   12.187500000000000     
         197         197  -2.2187500000000000     
         197         198  -6.4062500000000000     
         197         201  -12.437500000000000     
         197         202  -6.4062500000000000     
         197         213  -6.2500000000000000     
         198         134   4.4687500000000000     
         198         135   5.1875000000000000     
         198         151   5.1875000000000000     
         198         193   6.1250000000000000     
         198         194   6.2812500000000000     
         198         197  -6.2500000000000000     
         198         198  -2.3437500000000000     
         198         202  -6.4062500000000000     
         198         209   6.1250000000000000     
         198         213  -6.2500000000000000     
         198         214  -12.875000000000000     
         201         137   4.4062500000000000     
         201         139   5.2812500000000000     
         201         143   5.2812500000000000     
         201         197   12.437500000000000     
         201         201   4.1875000000000000     
         201         202  -6.5312500000000000     
         201         206  -6.5312500000000000     
         201         217  -6.3750000000000000     
         202         138   4.5937500000000000     
         202         139   5.3125000000000000     
         202         155   5.3125000000000000     
         202         197   6.2500000000000000     
         202         198   6.4062500000000000     
         202         201  -6.3750000000000000     
         202         202  -2.3437500000000000     
         202         206  -6.5312500000000000     
         202         213   6.2500000000000000     
         202         217  -6.3750000000000000     
         202         218  -13.125000000000000     
         206         142   4.7187500000000000     
         206         143   5.4375000000000000     
         206         159   5.4375000000000000     
         206         201   6.3750000000000000     
         206         202   6.5312500000000000     
         206         206   4.3125000000000000     
         206         217   6.3750000000000000     
         206         222  -13.375000000000000     
         209         145   4.6562500000000000     
         209         147   5.5312500000000000     
         209         151   5.5312500000000000     
         209         193   6.1250000000000000     
         209         194   6.2812500000000000     
         209         198   6.2812500000000000     
         209         209  -2.5000000000000000     
         209         210  -6.7812500000000000     
         209         213  -13.187500000000000     
         209         214  -6.7812500000000000     
         209         225  -6.6250000000000000     
         210         146   4.8437500000000000     
         210         147   5.5625000000000000     
         210         163   5.5625000000000000     
         210         194   12.625000000000000     
         210         209  -6.6250000000000000     
         210         210  -2.9375000000000000     
         210         214  -6.7812500000000000     
         210         225  -6.6250000000000000     
         210         226  -13.625000000000000     
         213         149   4.7812500000000000     
         213         151   5.6562500000000000     
         213         155   5.6562500000000000     
         213         197   6.2500000000000000     
         213         198   6.4062500000000000     
         213         202   6.4062500000000000     
         213         209   13.187500000000000     
         213         213   4.0312500000000000     
         213         214  -6.9062500000000000     
         213         217  -13.437500000000000     
         213         218  -6.9062500000000000     
         213         229  -6.7500000000000000     
         214         150   4.9687500000000000     
         214         151   5.6875000000000000     
         214         167   5.6875000000000000     
         214         198   12.875000000000000     
         214         209   6.6250000000000000     
         214         210   6.7812500000000000     
         214         213  -6.7500000000000000     
         214         214   3.8437500000000000     
         214         218  -6.9062500000000000     
         214         225   6.6250000000000000     
         214         229  -6.7500000000000000     
         214         230  -13.875000000000000     
         217         153   4.9062500000000000     
         217         155   5.7812500000000000     
         217         159   5.7812500000000000     
         217         201   6.3750000000000000     
         217         202   6.5312500000000000     
         217         206   6.5312500000000000     
         217         213   13.437500000000000     
         217         217   11.062500000000000     
         217         218  -7.0312500000000000     
         217         222  -7.0312500000000000     
         217         233  -6.8750000000000000     
         218         154   5.0937500000000000     
         218         155   5.8125000000000000     
         218         171   5.8125000000000000     
         218         202   13.125000000000000     
         218         213   6.7500000000000000     
         218         214   6.9062500000000000     
         218         217  -6.8750000000000000     
         218         218   3.9687500000000000     
         218         222  -7.0312500000000000     
         218         229   6.7500000000000000     
         218         233  -6.8750000000000000     
         218         234  -14.125000000000000     
         222         158   5.2187500000000000     
         222         159   5.9375000000000000     
         222         175   5.9375000000000000     
         222         206   13.375000000000000     
         222         217   6.8750000000000000     
         222         218   7.0312500000000000     
         222         222   11.250000000000000     
         222         233   6.8750000000000000     
         222         238  -14.375000000000000     
         225         161   5.1562500000000000     
         225         163   6.0312500000000000     
         225         167   6.0312500000000000     
         225         209   6.6250000000000000     
         225         210   6.7812500000000000     
         225         214   6.7812500000000000     
         225         225  -2.5000000000000000     
         225         226  -7.2812500000000000     
         225         229  -14.187500000000000     
         225         230  -7.2812500000000000     
         225         241  -7.1250000000000000     
         226         162   5.3437500000000000     
         226         163   6.0625000000000000     
         226         179   6.0625000000000000     
         226         210   13.625000000000000     
         226         225  -7.1250000000000000     
         226         226   4.6250000000000000     
         226         230  -7.2812500000000000     
         226         241  -7.1250000000000000     
         229         165   5.2812500000000000     
         229         167   6.1562500000000000     
         229         171   6.1562500000000000     
         229         213   6.7500000000000000     
         229         214   6.9062500000000000     
         229         218   6.9062500000000000     
         229         225   14.187500000000000     
         229         229   4.5312500000000000     
         229         230  -7.4062500000000000     
         229         233  -14.437500000000000     
         229         234  -7.4062500000000000     
         229         245  -7.2500000000000000     
         230         166   5.4687500000000000     
         230         167   6.1875000000000000     
         230         183   6.1875000000000000     
         230         214   13.875000000000000     
         230         225   7.1250000000000000     
         230         226   7.2812500000000000     
         230         229  -7.2500000000000000     
         230         230   12.031250000000000     
         230         234  -7.4062500000000000     
         230         241   7.1250000000000000     
         230         245  -7.2500000000000000     
         233         169   5.4062500000000000     
         233         171   6.2812500000000000     
         233         175   6.2812500000000000     
         233         217   6.8750000000000000     
         233         218   7.0312500000000000     
         233         222   7.0312500000000000     
         233         229   14.437500000000000     
         233         233   12.062500000000000     
         233         234  -7.5312500000000000     
         233         238  -7.5312500000000000     
         233         249  -7.3750000000000000     
         234         170   5.5937500000000000     
         234         171   6.3125000000000000     
         234         187   6.3125000000000000     
         234         218   14.125000000000000     
         234         229   7.2500000000000000     
         234         230   7.4062500000000000     
         234         233  -7.3750000000000000     
         234         234   12.281250000000000     
         234         238  -7.5312500000000000     
         234         245   7.2500000000000000     
         234         249  -7.3750000000000000     
         238         174   5.7187500000000000     
         238         175   6.4375000000000000     
         238         191   6.4375000000000000     
         238         222   14.375000000000000     
         238         233   7.3750000000000000     
         238         234   7.5312500000000000     
         238         238   20.187500000000000     
         238         249   7.3750000000000000     
         241         177   5.6562500000000000     
         241         179   6.5312500000000000     
         241         183   6.5312500000000000     
         241         225   7.1250000000000000     
         241         226   7.2812500000000000     
         241         230   7.2812500000000000     
         241         241   5.1250000000000000     
         241         245  -15.187500000000000     
         245         181   5.7812500000000000     
         245         183   6.6562500000000000     
         245         187   6.6562500000000000     
         245         229   7.2500000000000000     
         245         230   7.4062500000000000     
         245         234   7.4062500000000000     
         245         241   15.187500000000000     
         245         245   12.781250000000000     
         245         249  -15.437500000000000     
         249         185   5.9062500000000000     
         249         187   6.7812500000000000     
         249         191   6.7812500000000000     
         249         233   7.3750000000000000     
         249         234   7.5312500000000000     
         249         238   7.5312500000000000     
         249         245   15.437500000000000     
         249         249   20.937500000000000     
